4294967278,253
4294967278,132
4294967278,250
4294967278,131
4294967278,130
4294967278,129
4294967278,127
4294967278,126
4294967278,245
4294967278,125
4294967278,124
4294967278,123
4294967278,242
4294967278,121
4294967278,241
4294967278,118
4294967278,102
4294967278,98
4294967278,137
4294967278,25
4294967278,20
4294967278,19
4294967278,18
4294967278,17
4294967278,16
4294967278,15
4294967278,14
4294967278,13
4294967278,12
4294967278,11
4294967278,10
4294967278,9
4294967278,257
4294967278,7
4294967278,6
4294967278,254
4294967278,5
4294967278,4
4294967279,132
4294967279,131
4294967279,130
4294967279,251
4294967279,129
4294967279,128
4294967279,127
4294967279,126
4294967279,125
4294967279,123
4294967279,246
4294967279,120
4294967279,245
4294967279,117
4294967279,116
4294967279,112
4294967279,110
4294967279,105
4294967279,101
4294967279,97
4294967279,153
4294967279,21
4294967279,20
4294967279,19
4294967279,18
4294967279,17
4294967279,16
4294967279,15
4294967279,14
4294967279,13
4294967279,12
4294967279,11
4294967279,10
4294967279,259
4294967279,9
4294967279,257
4294967279,8
4294967279,256
4294967279,7
4294967279,4
4294501266,0
4294967294,1053
4294967294,1052
4294967294,1051
4294967294,1050
4294967294,1049
4294967294,1048
4294967294,134
4294967294,136
4294967294,1047
4294967294,1046
4294967294,1045
4294967294,1044
4294967294,1043
4294967294,1042
4294967294,1041
4294967294,1040
4294967294,1039
4294967294,53
4294967294,1038
4294967294,1037
4294967294,1036
4294967294,1035
4294967294,1034
4294967294,1033
4294967294,1032
4294967294,137
4294967294,56
4294967294,55
4294967294,54
4294967294,64
4294967294,63
4294967294,62
4294967294,61
4294967294,140
4294967294,59
4294967294,60
4294967294,413
4294967294,412
4294967294,184
4294967294,1031
4294967294,416
4294967294,148
4294967294,1030
4294967294,183
4294967294,196
4294967294,145
4294967294,391
4294967294,195
4294967294,388
4294967294,162
4294967294,24
4294967294,384
4294967294,462
4294967294,1029
4294967294,151
4294967294,142
4294967294,188
4294967294,405
4294967294,194
4294967294,392
4294967294,193
4294967294,461
4294967294,158
4294967294,192
4294967294,1028
4294967294,144
4294967294,406
4294967294,1027
4294967294,460
4294967294,1026
4294967294,186
4294967294,187
4294967294,182
4294967294,1025
4294967294,390
4294967294,29
4294967294,415
4294967294,149
4294967294,28
4294967294,402
4294967294,174
4294967294,27
4294967294,150
4294967294,164
4294967294,409
4294967294,451
4294967294,114
4294967294,407
4294967294,455
4294967294,449
4294967294,176
4294967294,107
4294967294,1024
4294967294,459
4294967294,155
4294967294,154
4294967294,103
4294967294,88
4294967294,87
4294967294,86
4294967294,85
4294967294,84
4294967294,83
4294967294,82
4294967294,22
4294967294,17
4294967294,41
4294967294,65
4294967294,96
4294967294,74
4294967294,40
4294967294,116
4294967294,191
4294967294,51
4294967294,400
4294967294,398
4294967294,385
4294967294,81
4294967294,153
4294967294,46
4294967294,80
4294967294,147
4294967294,152
4294967294,101
4294967294,100
4294967294,102
4294967294,1
4294967294,458
4294967294,2
4294967294,0
4294967294,456
4294967294,146
4294967294,408
4294967294,26
4294967294,457
4294967294,25
4294967278,153
4294967279,152
4294967278,152
4294967294,397
4294967279,151
4294967278,151
4294967279,150
4294967294,175
4294967278,150
4294967279,149
4294967278,149
4294967279,148
4294967278,148
4294967279,147
4294967278,147
4294967294,404
4294967279,146
4294967278,146
4294967279,145
4294967278,145
4294967279,144
4294967278,144
4294967279,143
4294967294,389
4294967294,189
4294967294,165
4294967278,143
4294967294,410
4294967278,142
4294967294,414
4294967279,141
4294967278,141
4294967279,140
4294967278,140
4294967279,139
4294967278,139
4294967279,138
4294967278,138
4294967279,137
4294967278,271
4294967279,136
4294967294,450
4294967278,136
4294967279,135
4294967278,135
4294967279,134
4294967278,134
4294967294,110
4294967294,156
4294967294,160
4294967294,159
4294967294,179
4294967294,180
4294967294,178
4294967294,171
4294967294,181
4294967294,172
4294967294,169
4294967279,133
4294967294,454
4294967278,133
4294967279,273
4294967278,270
4294967279,272
4294967278,269
4294967279,271
4294967278,268
4294967279,270
4294967278,267
4294967279,269
4294967278,266
4294967279,268
4294967278,265
4294967279,267
4294967278,264
4294967279,266
4294967278,263
4294967279,265
4294967278,262
4294967279,264
4294967278,261
4294967278,260
4294967279,263
4294967278,259
4294967278,88
4294967279,262
4294967278,258
4294967294,157
4294967294,161
4294967294,190
4294967294,108
4294967294,163
4294967279,261
4294967279,260
4294967279,88
4294967294,99
4294967294,98
4294967294,97
4294967279,258
4294967294,94
4294967294,95
4294967278,256
4294967294,393
4294967278,255
4294967278,252
4294967279,255
4294967294,91
4294967294,90
4294967294,93
4294967294,92
1,4
1,3
1,2
1,1
1,0
4294967294,44
4294967294,43
4294967278,251
4294967279,254
4294967294,67
4294967279,253
4294967294,66
4294967278,249
4294967279,252
4294967278,248
4294967279,250
4294967278,247
4294967278,246
4294967278,244
4294967278,243
4294967278,174
4294967294,126
4294967294,124
4294967294,767
